%%MatrixMarket matrix coordinate  real general
15 15 207
1 1 -3.3333333333333335472825620371395416441373527050018310546875000000e-03
2 1 -0.0000000000000000000000000000000000000000000000000000000000000000e+00
3 1 -0.0000000000000000000000000000000000000000000000000000000000000000e+00
4 1 -1.6666666666666667736412810185697708220686763525009155273437500000e-03
5 1 -0.0000000000000000000000000000000000000000000000000000000000000000e+00
6 1 -0.0000000000000000000000000000000000000000000000000000000000000000e+00
7 1 -1.6666666666666667736412810185697708220686763525009155273437500000e-03
8 1 -0.0000000000000000000000000000000000000000000000000000000000000000e+00
9 1 -0.0000000000000000000000000000000000000000000000000000000000000000e+00
10 1 -1.6666666666666667736412810185697708220686763525009155273437500000e-03
11 1 -0.0000000000000000000000000000000000000000000000000000000000000000e+00
12 1 -0.0000000000000000000000000000000000000000000000000000000000000000e+00
1 2 -0.0000000000000000000000000000000000000000000000000000000000000000e+00
2 2 -3.3333333333333335472825620371395416441373527050018310546875000000e-03
3 2 -0.0000000000000000000000000000000000000000000000000000000000000000e+00
4 2 -0.0000000000000000000000000000000000000000000000000000000000000000e+00
5 2 -1.6666666666666667736412810185697708220686763525009155273437500000e-03
6 2 -0.0000000000000000000000000000000000000000000000000000000000000000e+00
7 2 -0.0000000000000000000000000000000000000000000000000000000000000000e+00
8 2 -1.6666666666666667736412810185697708220686763525009155273437500000e-03
9 2 -0.0000000000000000000000000000000000000000000000000000000000000000e+00
10 2 -0.0000000000000000000000000000000000000000000000000000000000000000e+00
11 2 -1.6666666666666667736412810185697708220686763525009155273437500000e-03
12 2 -0.0000000000000000000000000000000000000000000000000000000000000000e+00
1 3 -0.0000000000000000000000000000000000000000000000000000000000000000e+00
2 3 -0.0000000000000000000000000000000000000000000000000000000000000000e+00
3 3 -3.3333333333333335472825620371395416441373527050018310546875000000e-03
4 3 -0.0000000000000000000000000000000000000000000000000000000000000000e+00
5 3 -0.0000000000000000000000000000000000000000000000000000000000000000e+00
6 3 -1.6666666666666667736412810185697708220686763525009155273437500000e-03
7 3 -0.0000000000000000000000000000000000000000000000000000000000000000e+00
8 3 -0.0000000000000000000000000000000000000000000000000000000000000000e+00
9 3 -1.6666666666666667736412810185697708220686763525009155273437500000e-03
10 3 -0.0000000000000000000000000000000000000000000000000000000000000000e+00
11 3 -0.0000000000000000000000000000000000000000000000000000000000000000e+00
12 3 -1.6666666666666667736412810185697708220686763525009155273437500000e-03
1 4 -1.6666666666666667736412810185697708220686763525009155273437500000e-03
2 4 -0.0000000000000000000000000000000000000000000000000000000000000000e+00
3 4 -0.0000000000000000000000000000000000000000000000000000000000000000e+00
4 4 -6.6666666666666670945651240742790832882747054100036621093750000000e-03
5 4 -0.0000000000000000000000000000000000000000000000000000000000000000e+00
6 4 -0.0000000000000000000000000000000000000000000000000000000000000000e+00
7 4 -3.3333333333333335472825620371395416441373527050018310546875000000e-03
8 4 -0.0000000000000000000000000000000000000000000000000000000000000000e+00
9 4 -0.0000000000000000000000000000000000000000000000000000000000000000e+00
10 4 -3.3333333333333335472825620371395416441373527050018310546875000000e-03
11 4 -0.0000000000000000000000000000000000000000000000000000000000000000e+00
12 4 -0.0000000000000000000000000000000000000000000000000000000000000000e+00
13 4 -1.6666666666666667736412810185697708220686763525009155273437500000e-03
14 4 -0.0000000000000000000000000000000000000000000000000000000000000000e+00
15 4 -0.0000000000000000000000000000000000000000000000000000000000000000e+00
1 5 -0.0000000000000000000000000000000000000000000000000000000000000000e+00
2 5 -1.6666666666666667736412810185697708220686763525009155273437500000e-03
3 5 -0.0000000000000000000000000000000000000000000000000000000000000000e+00
4 5 -0.0000000000000000000000000000000000000000000000000000000000000000e+00
5 5 -6.6666666666666670945651240742790832882747054100036621093750000000e-03
6 5 -0.0000000000000000000000000000000000000000000000000000000000000000e+00
7 5 -0.0000000000000000000000000000000000000000000000000000000000000000e+00
8 5 -3.3333333333333335472825620371395416441373527050018310546875000000e-03
9 5 -0.0000000000000000000000000000000000000000000000000000000000000000e+00
10 5 -0.0000000000000000000000000000000000000000000000000000000000000000e+00
11 5 -3.3333333333333335472825620371395416441373527050018310546875000000e-03
12 5 -0.0000000000000000000000000000000000000000000000000000000000000000e+00
13 5 -0.0000000000000000000000000000000000000000000000000000000000000000e+00
14 5 -1.6666666666666667736412810185697708220686763525009155273437500000e-03
15 5 -0.0000000000000000000000000000000000000000000000000000000000000000e+00
1 6 -0.0000000000000000000000000000000000000000000000000000000000000000e+00
2 6 -0.0000000000000000000000000000000000000000000000000000000000000000e+00
3 6 -1.6666666666666667736412810185697708220686763525009155273437500000e-03
4 6 -0.0000000000000000000000000000000000000000000000000000000000000000e+00
5 6 -0.0000000000000000000000000000000000000000000000000000000000000000e+00
6 6 -6.6666666666666670945651240742790832882747054100036621093750000000e-03
7 6 -0.0000000000000000000000000000000000000000000000000000000000000000e+00
8 6 -0.0000000000000000000000000000000000000000000000000000000000000000e+00
9 6 -3.3333333333333335472825620371395416441373527050018310546875000000e-03
10 6 -0.0000000000000000000000000000000000000000000000000000000000000000e+00
11 6 -0.0000000000000000000000000000000000000000000000000000000000000000e+00
12 6 -3.3333333333333335472825620371395416441373527050018310546875000000e-03
13 6 -0.0000000000000000000000000000000000000000000000000000000000000000e+00
14 6 -0.0000000000000000000000000000000000000000000000000000000000000000e+00
15 6 -1.6666666666666667736412810185697708220686763525009155273437500000e-03
1 7 -1.6666666666666667736412810185697708220686763525009155273437500000e-03
2 7 -0.0000000000000000000000000000000000000000000000000000000000000000e+00
3 7 -0.0000000000000000000000000000000000000000000000000000000000000000e+00
4 7 -3.3333333333333335472825620371395416441373527050018310546875000000e-03
5 7 -0.0000000000000000000000000000000000000000000000000000000000000000e+00
6 7 -0.0000000000000000000000000000000000000000000000000000000000000000e+00
7 7 -6.6666666666666670945651240742790832882747054100036621093750000000e-03
8 7 -0.0000000000000000000000000000000000000000000000000000000000000000e+00
9 7 -0.0000000000000000000000000000000000000000000000000000000000000000e+00
10 7 -3.3333333333333335472825620371395416441373527050018310546875000000e-03
11 7 -0.0000000000000000000000000000000000000000000000000000000000000000e+00
12 7 -0.0000000000000000000000000000000000000000000000000000000000000000e+00
13 7 -1.6666666666666667736412810185697708220686763525009155273437500000e-03
14 7 -0.0000000000000000000000000000000000000000000000000000000000000000e+00
15 7 -0.0000000000000000000000000000000000000000000000000000000000000000e+00
1 8 -0.0000000000000000000000000000000000000000000000000000000000000000e+00
2 8 -1.6666666666666667736412810185697708220686763525009155273437500000e-03
3 8 -0.0000000000000000000000000000000000000000000000000000000000000000e+00
4 8 -0.0000000000000000000000000000000000000000000000000000000000000000e+00
5 8 -3.3333333333333335472825620371395416441373527050018310546875000000e-03
6 8 -0.0000000000000000000000000000000000000000000000000000000000000000e+00
7 8 -0.0000000000000000000000000000000000000000000000000000000000000000e+00
8 8 -6.6666666666666670945651240742790832882747054100036621093750000000e-03
9 8 -0.0000000000000000000000000000000000000000000000000000000000000000e+00
10 8 -0.0000000000000000000000000000000000000000000000000000000000000000e+00
11 8 -3.3333333333333335472825620371395416441373527050018310546875000000e-03
12 8 -0.0000000000000000000000000000000000000000000000000000000000000000e+00
13 8 -0.0000000000000000000000000000000000000000000000000000000000000000e+00
14 8 -1.6666666666666667736412810185697708220686763525009155273437500000e-03
15 8 -0.0000000000000000000000000000000000000000000000000000000000000000e+00
1 9 -0.0000000000000000000000000000000000000000000000000000000000000000e+00
2 9 -0.0000000000000000000000000000000000000000000000000000000000000000e+00
3 9 -1.6666666666666667736412810185697708220686763525009155273437500000e-03
4 9 -0.0000000000000000000000000000000000000000000000000000000000000000e+00
5 9 -0.0000000000000000000000000000000000000000000000000000000000000000e+00
6 9 -3.3333333333333335472825620371395416441373527050018310546875000000e-03
7 9 -0.0000000000000000000000000000000000000000000000000000000000000000e+00
8 9 -0.0000000000000000000000000000000000000000000000000000000000000000e+00
9 9 -6.6666666666666670945651240742790832882747054100036621093750000000e-03
10 9 -0.0000000000000000000000000000000000000000000000000000000000000000e+00
11 9 -0.0000000000000000000000000000000000000000000000000000000000000000e+00
12 9 -3.3333333333333335472825620371395416441373527050018310546875000000e-03
13 9 -0.0000000000000000000000000000000000000000000000000000000000000000e+00
14 9 -0.0000000000000000000000000000000000000000000000000000000000000000e+00
15 9 -1.6666666666666667736412810185697708220686763525009155273437500000e-03
1 10 -1.6666666666666667736412810185697708220686763525009155273437500000e-03
2 10 -0.0000000000000000000000000000000000000000000000000000000000000000e+00
3 10 -0.0000000000000000000000000000000000000000000000000000000000000000e+00
4 10 -3.3333333333333335472825620371395416441373527050018310546875000000e-03
5 10 -0.0000000000000000000000000000000000000000000000000000000000000000e+00
6 10 -0.0000000000000000000000000000000000000000000000000000000000000000e+00
7 10 -3.3333333333333335472825620371395416441373527050018310546875000000e-03
8 10 -0.0000000000000000000000000000000000000000000000000000000000000000e+00
9 10 -0.0000000000000000000000000000000000000000000000000000000000000000e+00
10 10 -6.6666666666666670945651240742790832882747054100036621093750000000e-03
11 10 -0.0000000000000000000000000000000000000000000000000000000000000000e+00
12 10 -0.0000000000000000000000000000000000000000000000000000000000000000e+00
13 10 -1.6666666666666667736412810185697708220686763525009155273437500000e-03
14 10 -0.0000000000000000000000000000000000000000000000000000000000000000e+00
15 10 -0.0000000000000000000000000000000000000000000000000000000000000000e+00
1 11 -0.0000000000000000000000000000000000000000000000000000000000000000e+00
2 11 -1.6666666666666667736412810185697708220686763525009155273437500000e-03
3 11 -0.0000000000000000000000000000000000000000000000000000000000000000e+00
4 11 -0.0000000000000000000000000000000000000000000000000000000000000000e+00
5 11 -3.3333333333333335472825620371395416441373527050018310546875000000e-03
6 11 -0.0000000000000000000000000000000000000000000000000000000000000000e+00
7 11 -0.0000000000000000000000000000000000000000000000000000000000000000e+00
8 11 -3.3333333333333335472825620371395416441373527050018310546875000000e-03
9 11 -0.0000000000000000000000000000000000000000000000000000000000000000e+00
10 11 -0.0000000000000000000000000000000000000000000000000000000000000000e+00
11 11 -6.6666666666666670945651240742790832882747054100036621093750000000e-03
12 11 -0.0000000000000000000000000000000000000000000000000000000000000000e+00
13 11 -0.0000000000000000000000000000000000000000000000000000000000000000e+00
14 11 -1.6666666666666667736412810185697708220686763525009155273437500000e-03
15 11 -0.0000000000000000000000000000000000000000000000000000000000000000e+00
1 12 -0.0000000000000000000000000000000000000000000000000000000000000000e+00
2 12 -0.0000000000000000000000000000000000000000000000000000000000000000e+00
3 12 -1.6666666666666667736412810185697708220686763525009155273437500000e-03
4 12 -0.0000000000000000000000000000000000000000000000000000000000000000e+00
5 12 -0.0000000000000000000000000000000000000000000000000000000000000000e+00
6 12 -3.3333333333333335472825620371395416441373527050018310546875000000e-03
7 12 -0.0000000000000000000000000000000000000000000000000000000000000000e+00
8 12 -0.0000000000000000000000000000000000000000000000000000000000000000e+00
9 12 -3.3333333333333335472825620371395416441373527050018310546875000000e-03
10 12 -0.0000000000000000000000000000000000000000000000000000000000000000e+00
11 12 -0.0000000000000000000000000000000000000000000000000000000000000000e+00
12 12 -6.6666666666666670945651240742790832882747054100036621093750000000e-03
13 12 -0.0000000000000000000000000000000000000000000000000000000000000000e+00
14 12 -0.0000000000000000000000000000000000000000000000000000000000000000e+00
15 12 -1.6666666666666667736412810185697708220686763525009155273437500000e-03
4 13 -1.6666666666666667736412810185697708220686763525009155273437500000e-03
5 13 -0.0000000000000000000000000000000000000000000000000000000000000000e+00
6 13 -0.0000000000000000000000000000000000000000000000000000000000000000e+00
7 13 -1.6666666666666667736412810185697708220686763525009155273437500000e-03
8 13 -0.0000000000000000000000000000000000000000000000000000000000000000e+00
9 13 -0.0000000000000000000000000000000000000000000000000000000000000000e+00
10 13 -1.6666666666666667736412810185697708220686763525009155273437500000e-03
11 13 -0.0000000000000000000000000000000000000000000000000000000000000000e+00
12 13 -0.0000000000000000000000000000000000000000000000000000000000000000e+00
13 13 -3.3333333333333335472825620371395416441373527050018310546875000000e-03
14 13 -0.0000000000000000000000000000000000000000000000000000000000000000e+00
15 13 -0.0000000000000000000000000000000000000000000000000000000000000000e+00
4 14 -0.0000000000000000000000000000000000000000000000000000000000000000e+00
5 14 -1.6666666666666667736412810185697708220686763525009155273437500000e-03
6 14 -0.0000000000000000000000000000000000000000000000000000000000000000e+00
7 14 -0.0000000000000000000000000000000000000000000000000000000000000000e+00
8 14 -1.6666666666666667736412810185697708220686763525009155273437500000e-03
9 14 -0.0000000000000000000000000000000000000000000000000000000000000000e+00
10 14 -0.0000000000000000000000000000000000000000000000000000000000000000e+00
11 14 -1.6666666666666667736412810185697708220686763525009155273437500000e-03
12 14 -0.0000000000000000000000000000000000000000000000000000000000000000e+00
13 14 -0.0000000000000000000000000000000000000000000000000000000000000000e+00
14 14 -3.3333333333333335472825620371395416441373527050018310546875000000e-03
15 14 -0.0000000000000000000000000000000000000000000000000000000000000000e+00
4 15 -0.0000000000000000000000000000000000000000000000000000000000000000e+00
5 15 -0.0000000000000000000000000000000000000000000000000000000000000000e+00
6 15 -1.6666666666666667736412810185697708220686763525009155273437500000e-03
7 15 -0.0000000000000000000000000000000000000000000000000000000000000000e+00
8 15 -0.0000000000000000000000000000000000000000000000000000000000000000e+00
9 15 -1.6666666666666667736412810185697708220686763525009155273437500000e-03
10 15 -0.0000000000000000000000000000000000000000000000000000000000000000e+00
11 15 -0.0000000000000000000000000000000000000000000000000000000000000000e+00
12 15 -1.6666666666666667736412810185697708220686763525009155273437500000e-03
13 15 -0.0000000000000000000000000000000000000000000000000000000000000000e+00
14 15 -0.0000000000000000000000000000000000000000000000000000000000000000e+00
15 15 -3.3333333333333335472825620371395416441373527050018310546875000000e-03
